black255 000 000 000 255
black128 000 000 000 128
black64 000 000 000 64
black32 000 000 000 32
black16 000 000 000 16
black8 000 000 000 8
black4 000 000 000 4
black2 000 000 000 2
black1 000 000 000 1
grey255 128 128 128 255
grey128 128 128 128 128
grey64 128 128 128 64
grey32 128 128 128 32
grey16 128 128 128 16
white255 255 255 255 255
white128 255 255 255 128
white64 255 255 255 64
white32 255 255 255 32
white16 255 255 255 16
red255 255 000 000 255
red128 255 000 000 128
red64 255 000 000 64
red32 255 000 000 32
red16 255 000 000 16
green255 000 255 000 255
green128 000 255 000 128
green64 000 255 000 64
green32 000 255 000 32
green16 000 255 000 16
blue255 000 000 255 255
blue128 000 000 255 128
blue64 000 000 255 64
blue32 000 000 255 32
blue16 000 000 255 16
yellow255 255 255 000 255
yellow128 255 255 000 128
yellow64 255 255 000 64
yellow32 255 255 000 32
yellow16 255 255 000 16
violet255 255 000 255 255
violet128 255 000 255 128
violet64 255 000 255 64
violet32 255 000 255 32
violet16 255 000 255 16
cyan255 000 255 255 255
cyan128 000 255 255 128
cyan64 000 255 255 64
cyan32 000 255 255 32
cyan16 000 255 255 16
orange255 255 128 000 255
orange128 255 128 000 128
orange64 255 128 000 64
orange32 255 128 000 32
orange16 255 128 000 16
pink255 255 000 128 255
pink128 255 000 128 128
pink64 255 000 128 64
pink32 255 000 128 32
pink16 255 000 128 16
lime255 128 255 000 255
lime128 128 255 000 128
lime64 128 255 000 64
lime32 128 255 000 32
lime16 128 255 000 16
turquoise255 000 255 128 255
turquoise128 000 255 128 128
turquoise64 000 255 128 64
turquoise32 000 255 128 32
turquoise16 000 255 128 16
purple255 128 000 255 255
purple128 128 000 255 128
purple64 128 000 255 64
purple32 128 000 255 32
purple16 128 000 255 16
lightblue255 000 128 255 255
lightblue128 000 128 255 128
lightblue64 000 128 255 64
lightblue32 000 128 255 32
lightblue16 000 128 255 16
blank 0 0 0 0